1146.02384148258960 -2593.36974154074336 -849.26529164032928
1144.83565752200064 -2393.35558207396992 -848.24873862050032
1144.29272312772928 -2193.35488165593152 -847.24211459865040
1143.55066119926032 -1993.36119459842272 -846.23218436305056
1141.48997049498032 -1793.36216363876096 -845.22464401426400
1141.28607575232304 -1593.36197562646752 -844.20782852858928
1137.97269196026416 -1393.36103021858912 -843.18473392549584
1135.17863323849264 -1193.37083318846688 -842.17907458630464
1131.94496532315808 -993.36198493480208 -841.16114139073808
1128.74119620827744 -793.36086534024880 -840.13865932103808
1125.11112910524736 -593.35806736978744 -839.12260013676224
1120.84051663617632 -393.35667897155648 -838.10715784999392
1118.29422709525632 -193.36376223931484 -837.09000260266944
1146.40027844705280 -2594.37917981551520 -649.25409511430768
1146.62875408627296 -2394.37167854682880 -648.24590491200888
1147.16444056394816 -2194.37514467966560 -647.24008206035344
1147.18705185042048 -1994.37870487296896 -646.23238625642048
1145.61316027216064 -1794.37431921044224 -645.21439245976664
1142.32922461928208 -1594.37568416421664 -644.19694941671288
1145.07024536583840 -1394.37772498822464 -643.19132343314800
1146.72606841435664 -1194.38729634809280 -642.18454568395688
1144.28837951655392 -994.38597935748496 -641.16402987550608
1140.38248966165408 -794.38529163443696 -640.15461146598840
1135.20434520203840 -594.37202906451888 -639.13211939944040
1128.53744451568496 -394.37613127418432 -638.10997089314016
1121.15307507833024 -194.37641109708240 -637.08936458917416
1140.79404317253056 -2595.38509178618976 -449.24016058144824
1142.87846363864064 -2395.37757667693216 -448.23917827691272
1144.47484294167744 -2195.38296029213280 -447.23159810334760
1146.80164783902688 -1995.38313992538144 -446.22664935946128
1145.24744832619008 -1795.38601620827360 -445.20447654596928
1142.41388558572656 -1595.38407190157600 -444.19907273566592
1143.31126963482432 -1395.37054110183824 -443.18742036746016
1140.92233473890368 -1195.38983273132864 -442.16419669873256
1138.35326864157488 -995.39013193953344 -441.15359706288992
1135.82438828934208 -795.39260936342944 -440.13857238434928
1128.39655025307600 -595.38515038146728 -439.11959532029272
1121.16480508619728 -395.38419506744680 -438.09469545940064
1115.05353829471344 -195.38237861314944 -437.08058879185424
1141.00514010969056 -2596.40015127471968 -249.28577983269516
1143.52207516692576 -2396.38857526286336 -248.30824034994424
1142.05834767253920 -2196.38670042156448 -247.32611207480728
1139.73040172657712 -1996.39072953127712 -246.34509465154460
1137.28019772275936 -1796.39357946148288 -245.35559056124724
1134.38996820466336 -1596.39358317414464 -244.37229953322884
1129.42291266022432 -1396.39008659770224 -243.38925343325528
1127.97792101260352 -1196.39450392649024 -242.40361846276800
1124.60270602593648 -996.39198010161200 -241.41655552814008
1120.67717530719408 -796.39367973969824 -240.43143220742708
1117.80260647345696 -596.39459118817480 -239.45060381344600
1115.97001774364912 -396.39257691215304 -238.46501811787248
1110.77175076320016 -196.39304443360548 -237.48946111424476
1082.25413711304960 -2597.37119000512576 -49.86227836527858
1081.14764887689472 -2397.36164072063200 -48.77781943551582
1079.84852362595392 -2197.35893337591328 -47.79919210126066
1076.84635779662592 -1997.35810883701792 -46.76800512114056
1071.40790391118432 -1797.34990585052224 -45.75126643252456
1062.38280854676576 -1597.34462961550688 -44.72613715666336
1052.44344452448944 -1397.34935767330672 -43.70529920878978
1051.72444258399648 -1197.35107687308112 -42.69469594704479
1051.58842678419152 -997.35298102617568 -41.68326651870393
1050.81365297029792 -797.35224616729664 -40.67490968298162
1044.24833854188368 -597.34437868735816 -39.65206454991252
1038.63873903226256 -397.34811032720656 -38.63348206057231
1031.36922035126080 -197.33770218892632 -37.60621983967245
973.34494475335312 -2598.31279579509888 150.66413408844934
972.67613033554512 -2398.28093921387104 151.71694089296620
973.34487026009824 -2198.28931275778848 152.76514097816044
972.01162977643200 -1998.28704097591104 153.82597686966620
966.85294809710176 -1798.28591435502272 154.86908473189024
954.54240782172800 -1598.27656681224032 155.93194630737094
949.06578577806928 -1398.28392236562096 156.98505459118356
953.43597295457344 -1198.28894085101040 157.99936584511698
952.26596135820976 -998.28589610041824 159.01444525498218
952.64306374191664 -798.28926129950544 160.01174688859206
952.00789432431024 -598.28910365930104 161.02168027847028
948.31205721499616 -398.28973589889384 162.04460275925006
947.23925510749440 -198.28613723064320 163.04595380420830
961.44124921210896 -2599.28644551247040 350.88996065012144
956.80646869881120 -2399.28368123992544 351.91101603524764
954.91546758223632 -2199.28457130776128 352.92572593203916
954.58025514568128 -1999.28511433293184 353.92798165062784
953.48667798440560 -1799.28683735692768 354.94433430936148
953.18360195234832 -1599.29284849416640 355.95513629612060
951.48083519515904 -1399.29058985701952 356.97098196361548
948.70058703025200 -1199.29123118087008 357.98367996190068
946.33112611293136 -999.28889262706512 359.00359241837112
943.88380051218400 -799.29154960882608 360.02036474070580
941.46764025887104 -599.29327579551328 361.03701401973408
939.25293218088112 -399.29346690894448 362.04713270412144
937.60860388587728 -199.29540892658172 363.06072070050296
954.24224658202656 -2600.29830025597024 550.90465793040064
950.30782785125920 -2400.29113343172928 551.92596589765048
949.23414832464816 -2200.29538452624960 552.93038780298824
950.63995617350352 -2000.29731596410752 553.94241963299248
952.37523491384576 -1800.29946449542464 554.94946877767208
953.77824015550896 -1600.30393395282368 555.95558380189320
951.82055318802368 -1400.30156171049792 556.96732928319784
947.99064854034016 -1200.29900613701168 557.98431537059768
943.84455019932160 -1000.29396486097952 558.99529729918152
938.57244409277968 -800.29730461647824 560.02726345828136
934.26193223520160 -600.29433381436312 561.05066904222440
930.22541820022928 -400.29366636537032 562.05762941446880
927.58239115700736 -200.29617428404684 563.06799194294760
939.42561970874096 -2601.29965918021632 750.82255253994976
939.26152656860128 -2401.29722524633472 751.84630349548912
940.33351407064384 -2201.29521658633248 752.87669163060656
940.19520124875616 -2001.29843952945920 753.90452615762368
939.76701530652592 -1801.29884648031744 754.92441463272912
938.10317763918032 -1601.29448618720800 755.94754622481760
936.14945270754112 -1401.29983623053360 756.96951367968944
933.63212334971696 -1201.30110909180368 757.99200004926064
930.19269055383936 -1001.30234700428736 759.01966930324208
924.63593945738816 -801.29741496813360 760.03402552204640
922.19483821719472 -601.30118149703272 761.05318957726912
917.67132171053328 -401.30026448044736 762.07834165847936
916.05621822928560 -201.29963475054324 763.09114643514208
870.94999327396016 -2602.21371412927296 950.32207303020112
870.28972734193776 -2402.23603667676256 951.35873499218944
871.67099903661216 -2202.23703566244192 952.37269647774672
871.88296891509488 -2002.23695867551008 953.38663361745552
871.69017310341120 -1802.23833541775648 954.40529943910144
870.58700129981376 -1602.24461994159232 955.43666717722096
867.37997315219824 -1402.23844470193088 956.46209185291264
867.76823522650576 -1202.24879699294896 957.47846971281728
868.22316344559424 -1002.25651647514336 958.47233065365664
868.17783562252528 -802.25776812808816 959.49304547436608
867.01950687440816 -602.25978293389584 960.50919909502640
864.58115014516224 -402.26012752257376 961.52140935313088
858.06433377096512 -202.25938641129984 962.56111461798272
197.95144292345220 -2001.91197831993312 967.63652977206432
-2.07267965695391 -2001.71461868768960 957.43428217967120
-202.06678917341456 -2001.59297811931104 962.98485282189328
-2.21001966954051 -2201.72131798807200 958.03516197541088
-202.20585739519004 -2201.61169318893152 966.11301286890848
197.67038270171772 -2401.94358031795616 972.24041525323872
-2.35213183954722 -2401.75261096103712 964.89065727882832
-202.34449038720804 -2401.64488402936192 972.67164385316960
-201.75420242882196 -1797.82179091276832 1056.75409157444080
-101.73464566498762 -1799.09231700520864 1056.59127118242352
-1.73818239470811 -1799.91849319073216 1056.43384260763696
98.26201593622580 -1801.10179106009728 1056.28117207647376
198.26445393961632 -1801.37428181601408 1056.12749693581920
297.94840632466844 -1802.52456639638528 1055.96694163582880
-358.54318500986052 -2602.64888248209440 1052.85389655268576
-363.66400767616664 -2502.64902483387968 1053.37302072312512
-360.11246793768908 -2402.64595606413792 1053.87052313774096
-358.64421979861764 -2302.64967565891264 1054.38124118111024
-356.99681108551868 -2202.65205701527008 1054.88673181386688
-357.12020034114376 -2102.65343081741856 1055.39136216717088
-357.24263813772892 -2002.65617465396544 1055.89873895752928
-358.51223504089500 -1902.65607084625728 1056.40018669158800
371.29042688923872 -2602.38672164004992 1051.82856026774432
372.38777025715264 -2502.37968465272672 1052.32946528637392
372.05046897828688 -2402.37854871864320 1052.83784996957200
372.09986164773776 -2302.37982932035232 1053.33622964551392
373.14626867817960 -2202.37517879749600 1053.84294690072800
373.56891407281912 -2102.38053799745152 1054.33772656842848
374.46414493889704 -2002.37862257718048 1054.84524706290320
378.11676231353072 -1902.38502692038976 1055.34822936085248
995.22895887043008 -202.27547289792076 -1027.59570696087296
796.12362086783536 -202.11417499403444 -1028.20956619472560
596.11934274584680 -201.96674426324600 -1028.33132382452256
396.11486333542288 -201.83270483789688 -1026.29136861666208
196.12223098014748 -201.67677806850996 -1027.48985549788656
-203.88503479092152 -201.40879522184556 -1022.44221054067328
-403.86757188623960 -201.28685654990948 -1016.91202502314080
-603.57846590361304 -201.18637191597584 -1007.52440024923360
-803.89124194526544 -200.91604970195452 -1032.39633961872976
995.12063696357376 -402.30003661105912 -1022.78980384800976
795.97637912170064 -402.15994790378104 -1020.20092788771984
596.00005416289992 -402.03162315657704 -1017.34786499598544
395.99574696538760 -401.87132458533848 -1018.98349787997760
195.98622550718816 -401.71295093623056 -1020.15572674638064
-4.01133049449023 -401.55629892496000 -1021.98072764410320
-204.01788467440484 -401.42959989813920 -1018.95390046298128
-404.01417910155864 -401.31098282312856 -1011.99693285390688
-603.69103770688536 -401.20833691569832 -1004.12728778097504
-804.01618407805072 -400.93286573895168 -1028.66500028906400
995.01642168521712 -602.31173356199096 -1020.51812030688352
795.86086186080944 -602.17519541434048 -1016.39543001533408
595.84501525420704 -602.24101352628352 -1011.48325058979152
395.84813314704560 -601.91037401167536 -1013.06942382611936
195.84471205560952 -601.73523618761056 -1016.54585713353440
-4.15650381953502 -601.58305750821000 -1018.08080278623264
-204.15779256855456 -601.44466588184376 -1014.99167181493120
-404.14689952444864 -601.31333461004480 -1011.87593236141728
-603.86155311093168 -601.38152196700504 -1005.06947321456720
-804.15517053235520 -600.94168176196880 -1027.19305443254672
994.92274777266928 -802.31349636501568 -1018.90116778240448
795.69926522973488 -802.18025398118032 -1017.29044814480480
595.71195698808472 -802.07114058488848 -1009.18983771338816
395.71404751172192 -801.91839226398832 -1009.53767442517568
195.70664540474492 -801.75567780279024 -1011.36322913788384
-4.29068201888589 -801.61056553436784 -1012.74250929309840
-204.29465997193328 -801.49260968912272 -1009.50591332132352
-404.29573773553392 -801.34305660389648 -1009.62571045557232
-604.30518660756288 -801.14569079457072 -1017.99970584774464
-804.31277567275920 -800.93531375612288 -1026.77673087585888
994.82103380003712 -1002.32658195152256 -1017.22247738779136
795.56109185687184 -1002.19891948399968 -1012.16154112609936
595.57402212426544 -1002.08524221241328 -1005.23470828314416
395.57441078601896 -1001.92567641974608 -1008.08018206162080
195.56117704025448 -1001.77239273482144 -1009.17857388282736
-4.44855818579789 -1001.63804838684960 -1009.08796997420048
-204.42540583508260 -1001.50360134774224 -1004.30756704038352
-404.42172815530224 -1001.34230128529776 -1006.84343426663296
-604.44267401860824 -1001.14339033359616 -1016.98054644570160
-804.45555873135360 -1000.93381895425280 -1028.83515897284112
994.71951294943840 -1202.34117739593312 -1016.30021462906000
795.42917580499920 -1202.20535419593200 -1010.41061889968176
595.43082988908600 -1202.07307522634192 -1006.99141601458000
395.43572763642256 -1201.92963522417296 -1006.60066881389232
195.41263371970116 -1201.78868367728800 -1005.82150942563744
-4.58726052984883 -1201.63693305947840 -1006.19653272535936
-404.56623835284872 -1201.34726416693792 -1006.70810832536368
-604.58665959338760 -1201.14029243175168 -1017.81441009279280
-804.59771510179760 -1200.94480913196848 -1029.05857386472128
994.63480171880912 -1402.35270603958368 -1013.50990832395376
795.28124265460544 -1402.21340914978896 -1009.58186899875584
595.28192307909728 -1402.08402856429296 -1006.77848491067424
395.28511925791192 -1401.95858175358464 -1003.53379548612208
195.28071426291116 -1401.80279294080416 -1004.25604993285952
-4.71381855917711 -1401.65594375909344 -1004.15381187157760
-204.73002807836144 -1401.49549721982480 -1006.41927950562896
-404.71693701875424 -1401.35041871474352 -1006.86112532127936
-604.73029404290728 -1401.15240684092016 -1016.02458809285840
-804.75017671711328 -1400.95856316885424 -1026.55561798688288
994.54332341978448 -1602.35640660073472 -1013.26589113557440
795.12429399496304 -1602.22285831336704 -1008.14772476935728
595.13735119480248 -1602.10177972878176 -1004.17220647258944
395.15136492082176 -1601.97779013245792 -999.60568972199152
195.13601374522552 -1601.83370107787264 -999.72098543382400
-4.85537753093516 -1601.67103800893952 -1001.47109513636256
-204.86420728807064 -1601.48961888949600 -1007.67665628274400
-404.86366506601936 -1601.34605892289600 -1007.19357127760784
-604.87088156119128 -1601.16099508924832 -1014.95665700926720
-804.88397890250880 -1600.97212694670336 -1024.93468046355520
994.43839455740416 -1802.36733280051488 -1010.76140159974784
794.99444885043232 -1802.23807691452352 -1004.97762218388032
594.99656246924032 -1802.10526902205504 -1003.21240565710272
394.99799054778944 -1801.97929099293088 -999.08051006185296
195.00146934541176 -1801.85211608690784 -996.83215922423376
-4.99410632716009 -1801.68003270259648 -1000.09061156946208
-205.00921042182588 -1801.50442740295520 -1005.69158205749232
-405.00640420020608 -1801.35754411887744 -1005.83922113211504
-605.01742702268688 -1801.17344813175552 -1012.76121076259920
-805.04573110322448 -1800.98854223659776 -1021.92657759646496
994.33343535872992 -2002.38752865918688 -1008.69705491703280
794.83623556291248 -2002.22257287895456 -1007.72246068639328
594.84443590094040 -2002.08306026255200 -1004.13644650270768
394.84434221892136 -2001.94466023216832 -1001.56975332697680
194.85307364761592 -2001.83934371691872 -998.13921824553792
-5.13928900701142 -2001.67983039147232 -1000.30920236916192
-205.15172131129340 -2001.51313756121568 -1004.98552552713008
-405.15208499111848 -2001.35784480262272 -1005.93038135336816
-605.15700874846752 -2001.18995726613152 -1011.07779387730416
-805.17210220021344 -2000.99418419018720 -1018.95791301086720
994.22606693201280 -2202.39723045587392 -1005.89675888348864
594.11565388754864 -2202.08813182108448 -1007.88024819872272
394.69222749937008 -2201.95808367806336 -1004.21684859037520
194.70225094413512 -2201.83558646614560 -998.48421308367344
-5.29744938585875 -2201.67730009537504 -1000.46774576221712
-205.30242940509136 -2201.50131562609440 -1006.78690958461696
-405.30001666802568 -2201.35414475455776 -1006.12992806840416
-605.30308420215088 -2201.19376161331264 -1010.12455981686192
-805.31565171296544 -2201.00524651331776 -1018.00189413109824
994.14751622064608 -2402.39165684217792 -1006.53991504978096
794.58824071367776 -2402.16198919913664 -992.51560612664016
594.55705267243968 -2402.09968974379456 -1007.03344609306608
394.55647716557528 -2401.95670897076128 -1004.38144074072128
194.56581637600376 -2401.84284374485376 -998.79979481202672
-5.43944909142694 -2401.66518047850752 -1003.96601098688944
-205.45460082381076 -2401.49012609328384 -1008.01729064230192
-405.43815458459912 -2401.35252648645344 -1007.36602584154320
-605.44500335800016 -2401.21012087350016 -1006.86642537837984
-805.45745867563632 -2401.00451325176992 -1017.26543673958064
994.05368745912160 -2602.39772839205408 -1005.59112095047872
794.40562066044432 -2602.22797888697536 -1008.59514300595168
594.40193185374968 -2602.08619761419008 -1008.49712858534176
394.40055582546320 -2601.94570592860416 -1005.80516692895312
194.49034662561920 -2601.98972204524704 -1003.89134568109456
-5.58927100947544 -2601.64787005154368 -1007.66056486433808
-205.60689514134032 -2601.48135957618976 -1011.20132995942864
-405.58373128370968 -2601.33470581635616 -1011.33013360470064
-605.60067799764568 -2601.17500950126336 -1012.26304885310576
-805.62712419679168 -2601.00375356699264 -1019.86244361346736
-1005.39837792579200 -2784.37706628154304 -847.03517154870864
-1004.77701662925200 -2769.82410471827456 -447.03720863817600
-1004.46989551867744 -2770.55603090448992 -247.08371501362472
-805.38607552475392 -2783.39621655779680 -847.32024081203008
-804.76640591570208 -2770.68698752458976 -447.32866731842544
-804.46165032553488 -2770.83273734131936 -247.36946396605676
-804.15851558986352 -2768.74679369621568 -47.40287045347920
-803.54415584953840 -2763.89272105967360 352.54101193084936
-803.22801845376272 -2753.04016821566816 552.55460735153632
-605.39174824132840 -2784.45062630204576 -847.60975499746656
-604.77434260642440 -2774.36065155452896 -447.62925811649840
-604.47215322566896 -2773.87117598172416 -247.67628229551000
-604.16038949649872 -2770.65020837003392 -47.69527143080256
-603.84099696972952 -2766.09882442754848 152.28931908754448
-603.54080151453960 -2760.82389861068160 352.26861889770816
-603.23241456832240 -2754.42504879531904 552.25255436227256
-405.39676262862152 -2786.94001863550784 -847.91306986134128
-404.77662813489728 -2776.68388952094272 -447.92819698389856
-404.47526032122848 -2779.51433771700832 -247.98343158166112
-404.16546519380960 -2774.47772936207040 -48.00519932417004
-403.85469020978784 -2768.07439049842016 151.98824330361132
-403.54187755797912 -2759.60733489381952 351.98623868341288
-403.24580334490008 -2756.59254714949984 551.96357765908752
-205.39220147358664 -2788.70684742807360 -848.19732869011088
-204.78254281833752 -2779.53959440587424 -448.23293829182472
-204.48067669389820 -2783.19459791553696 -248.29422232239468
-204.16836697379784 -2776.71179314466688 -48.30055150753968
-203.85696959700612 -2769.09810640787648 151.69858427583600
-203.54734187300988 -2760.70811355384192 351.69167122522720
-203.23817949593008 -2758.18355773703392 551.65822312389824
-5.39689084330729 -2789.75098834970016 -848.49945441628640
-4.78324464006066 -2782.39982724402848 -448.52501827326456
-4.48497717657774 -2787.40907962801216 -248.60362253508252
-3.86296997821542 -2771.05632514918592 151.40196064522082
-3.54804798337565 -2761.37312170572384 351.40128616915264
-3.23826616578636 -2759.40495808054304 551.37442776417968
194.59756584903828 -2790.78591765384960 -848.79075162289264
195.21341079213792 -2784.64969512051168 -448.82713514167440
195.51662175121284 -2789.18352752226304 -248.89790079895828
195.82488986090236 -2782.00233904547936 -48.89729235221364
196.13688825405536 -2771.36416858361056 151.11315249790844
196.44399770038356 -2762.38074129016384 351.11141213660988
196.75400550527972 -2760.10069183800480 551.07680571047096
394.60015610552288 -2790.74841865370528 -849.07640498602000
395.21335476977184 -2785.85433430900224 -449.12399062965800
395.51726049367304 -2787.69781710221280 -249.17309200050920
395.82697706228040 -2782.78445683327200 -49.19208869799400
396.13964320197280 -2772.74460755431488 150.81782344308012
396.44943910337888 -2764.34679321283424 350.81697354071884
396.75676919063496 -2760.19570248007232 550.78634323282872
594.59675388847656 -2790.70325194365248 -849.35847857609216
595.20657984858072 -2787.26579249871744 -449.42193923293272
595.51344045990448 -2786.78367853357408 -249.45746683691852
595.82234086287168 -2781.60643944892704 -49.47112986916056
596.13276121277248 -2771.82429134404032 150.53777288591510
596.43968431062952 -2763.96567389102560 350.52617164514460
596.75371166343640 -2761.05669385954528 550.50550602811248
794.59486689914176 -2789.54004816723872 -849.64132219586784
795.21370724835952 -2786.83857096792096 -449.70300646847656
795.51567974476896 -2784.17311151503104 -249.73158295405064
795.82024719227056 -2780.39837751943296 -49.75283426682634
796.12683790660096 -2773.77983292697440 150.24255832331682
796.43708566402240 -2769.37588847516544 350.21782542541848
796.74419499560512 -2769.05258031332192 550.17651852438552
994.59643460867280 -2788.22703840750368 -849.92630978914944
995.20902921370720 -2782.14759967308704 -449.96039846069080
995.51034220001456 -2781.91226081484352 -250.00826246650608
995.81945184651488 -2779.51439121953536 -50.04232625318516
-802.85260968915104 -2649.38090862179200 753.36604702752576
-602.85526327474224 -2649.71880411561312 753.18620431303104
-602.54789110513824 -2646.46335360008160 952.98793128592544
-402.87592395376648 -2651.77106363413440 753.00137812541296
-402.55440090553272 -2642.42176469126752 952.83924558757920
-202.89852620074828 -2654.97486411530016 752.82769862666624
-2.92379793087827 -2655.47000387030720 752.65388278837424
197.06039021838476 -2658.47992033161600 752.46158791956304
397.04486170685680 -2661.69090623768256 752.27250639324160
597.02159565062696 -2662.71921253333408 752.08103402177776
796.98872225311152 -2671.30464862925504 751.86615792251824
797.30060482708016 -2662.70645398611072 951.69812989842416