1139.36222476524160 -2615.18577151026016 -849.17922194875216
1137.51895910574176 -2415.17489380086048 -848.60746395308224
1135.60137373154160 -2215.17562969586016 -848.04143042175216
1133.44184367624160 -2015.18250323146016 -847.46691057356224
1131.09382263344144 -1815.18143488346016 -846.90705105942224
1128.18998589534160 -1615.18910284536032 -846.32988530075232
1123.89553007574160 -1415.17659816326016 -845.74659957861232
1122.35932089904160 -1215.19283269566048 -845.17680436554224
1119.19886270064176 -1015.20023950476032 -844.60638340922224
1117.53943333484160 -815.19385541784032 -844.03315728627232
1115.22969261924160 -615.20587815644032 -843.46071021868224
1112.23851053734160 -415.20685501513032 -842.89509477839232
1110.33141956314176 -215.20488068517032 -842.32417411599232
1138.62414281504160 -2615.75593606176032 -649.16823857583224
1135.95290598044160 -2415.73998113146048 -648.59293913132232
1133.11408372174144 -2215.75209477936064 -648.01992598100232
1130.66972058934160 -2015.74710350796032 -647.45189175927224
1127.71331649324160 -1815.74991537166048 -646.88011820031224
1123.87811830434160 -1615.76263339186048 -646.29540887751224
1124.80773696644160 -1415.76231713806032 -645.74155771742224
1127.22522230424176 -1215.75750089726032 -645.17956617642224
1126.02505477014160 -1015.76450311446032 -644.60758519368224
1123.47441624994160 -815.76213725143024 -644.02358804316224
1119.68563684844160 -615.76209719433032 -643.45505839275224
1115.32882326654160 -415.76923644374032 -642.86899296814224
1111.88416517214160 -215.77122917790032 -642.30918264970232
1133.89096635424160 -2616.32184156736064 -449.15505366883216
1131.68705596894160 -2416.31691705926048 -448.58685509897216
1129.76448772994176 -2216.31864265456032 -448.01652964545216
1128.39325259724160 -2016.32469775916032 -447.44002834906224
1126.46744640344144 -1816.32516671136032 -446.87336775382224
1123.56942044974160 -1616.32862357636032 -446.30320430659216
1123.63947161134160 -1416.33710463126016 -445.73904977131216
1122.40647039604160 -1216.33017058356048 -445.16382377214224
1120.57549772394176 -1016.32907008416032 -444.59308832695224
1118.50477299994176 -816.33889582991040 -444.01520911789216
1114.21625738444160 -616.33151080997024 -443.44175177828216
1110.67781039394160 -416.34488141196032 -442.87141912671224
1107.10577958164160 -216.34484695619032 -442.29920391132216
1134.06279010674160 -2616.90258879456032 -249.16221811245224
1135.97285700474160 -2416.88581675376064 -248.59136242248224
1133.67119686564160 -2216.88015102966016 -248.01223162018224
1130.56011306844160 -2016.88367086296032 -247.43947249157224
1127.45441612864176 -1816.89146661216032 -246.87708527403224
1124.18645844294160 -1616.89133172046048 -246.29634954202224
1119.26741854764176 -1416.88870940926048 -245.72817875956224
1117.88082825564144 -1216.89886856046048 -245.15040590478224
1115.40594716144160 -1016.90739169376032 -244.57276857976224
1112.50742665434160 -816.90400818558032 -243.99725098069224
1109.92788972674160 -616.91126019803024 -243.42434606355224
1107.27848232734160 -416.90844006992032 -242.85791287551224
1103.00449213404160 -216.91201264438032 -242.29535188663224
1073.05310231694176 -2617.50410540426048 -48.83621535190622
1069.91150589004160 -2417.50174727496064 -48.26646665192522
1067.31684331344176 -2217.52465431846016 -47.72519010353522
1064.92612369254160 -2017.53368217106016 -47.12926004464722
1060.88487836324160 -1817.53131457046048 -46.59541604862322
1055.94398418804160 -1617.51894593766048 -45.98898744574022
1049.43306632314176 -1417.54131828206032 -45.42552732647722
1046.93504755774160 -1217.55017118056032 -44.86751409881022
1043.27121552754176 -1017.54895794556032 -44.27474752273622
1039.37065012044176 -817.55135336450032 -43.74010912764323
1033.83862241134176 -617.54499682039032 -43.15274021232022
1029.58071152384144 -417.55965389983032 -42.58251980486122
1024.81028964944160 -217.56167094348032 -41.99164170429522
964.47888154062160 -2618.19501438956000 151.14366657824778
961.73415684305168 -2418.18748306366016 151.72604250371776
959.43856783256160 -2218.19017426306016 152.30633976503776
956.63251319026160 -2018.19185484816032 152.86192565222776
953.33541886982160 -1818.19691358016032 153.43779729090776
944.56715853287168 -1618.19928935196032 153.96925114528776
938.28342476306160 -1418.20895831416032 154.52626983016776
941.33490250856160 -1218.21459222706032 155.10345769060776
940.17536176404160 -1018.21643333196032 155.67721791644778
939.34781646235168 -818.22559244092032 156.23418759985776
939.34761289161152 -618.22211173443032 156.81202511150778
938.54121026034160 -418.22725029085032 157.35506399566776
936.97374720884160 -218.21762226445032 157.92804024966776
954.88455203019152 -2618.75951138516032 351.05484038796776
947.15366273422160 -2418.76914964466048 351.64212192275780
943.50083261618160 -2218.77743932216032 352.20712479979780
941.60630730456160 -2018.78273729276032 352.77168295236776
939.18392595170160 -1818.78369724346016 353.35221467270780
936.91285876422160 -1618.78328803236032 353.91480610065780
935.49164402353168 -1418.79769798016032 354.47992025628780
934.72145150083152 -1218.78873350166032 355.06334778327776
932.90081404061168 -1018.79325411816032 355.63036950377780
930.73596370213152 -818.79483782049040 356.20219899896780
929.07858324332160 -618.79718218747032 356.77914717741776
928.45807675132160 -418.79699694739032 357.35062626946780
928.81714183973152 -218.80086589221032 357.91820283222780
947.54875329554160 -2619.32822779376000 551.07140362097776
941.88917978132160 -2419.34274447036032 551.64517641334768
938.68497587221152 -2219.35127934146016 552.22557610514776
938.51246068736160 -2019.35294266526048 552.79125134391776
938.54082675086160 -1819.35544744196032 553.35765571362776
938.55389020727152 -1619.35912944416032 553.92920787338776
936.71065283291152 -1419.35391694906032 554.49639758960768
933.81733061413168 -1219.35925919196032 555.06445741440768
930.21417941401152 -1019.38597934986032 555.64340511094768
926.44063093425168 -819.36686129589024 556.21581582226768
923.46281630768160 -619.37003982831024 556.78785130909776
921.30965399032160 -419.37449070496032 557.36587918901776
920.24830769324160 -219.37594596336032 557.94059571447768
933.22842669461152 -2619.92988750476032 751.12755383585776
930.34425893576160 -2419.93634134036032 751.66789762514768
930.85759711804160 -2219.92732416376032 752.23444427086768
929.84290352651152 -2019.93708448076032 752.81115862991776
928.74954352183152 -1819.93692126446048 753.38989140186784
926.47010689859168 -1619.93408685616032 753.95681534641776
924.04669894317152 -1419.93534676946032 754.52626108310784
922.36649855473168 -1219.93922905366032 755.10519417262784
919.32734897731168 -1019.93236313376032 755.68622148547776
914.51378449233168 -819.95141786210032 756.26023622992768
912.76940964973168 -619.95968602840040 756.82384621245776
909.67375640468160 -419.94680471546032 757.40015149532768
907.97229566002160 -219.94604632471032 757.96462198105776
862.77059217938160 -2620.56538359436032 951.42427519451776
860.53090171017168 -2420.56744653106048 951.98664105963776
861.24477251279168 -2220.56295910866048 952.57340471461776
860.59660775033168 -2020.57275488986048 953.13448658518768
860.17117687783168 -1820.56593205436032 953.69264360689776
859.36674035098160 -1620.56843319866048 954.26262751917776
857.10139061303168 -1420.56922287786032 954.84215700524768
857.62624069208160 -1220.58073957966032 955.38501507572784
858.18295785457168 -1020.57205439576032 955.93890774425776
857.69440280247152 -820.57435199162032 956.49874691031776
855.55920331901168 -620.58102100386032 957.08076444834768
853.94161302924160 -420.57529179919032 957.64369962153776
849.07400425577152 -220.58147165058032 958.23568017586768
169.12924625790294 -2021.28769823259328 968.09229798251952
-30.88650606908807 -2021.45499753229344 959.99847418229952
-230.87845018327708 -2021.66848429669344 967.30729946620960
-30.68397572094107 -2221.45868411539328 960.92360385281952
-230.68374679955708 -2221.67558963009344 969.98702211032960
169.51571429983292 -2421.29972042879296 973.85669171448960
-30.48888669863107 -2421.46441187719296 967.71336928515952
-230.48309270907704 -2421.68723220499296 974.79391752217952
-230.84615456835552 -1799.48207208945856 1056.34517903230000
-130.83887350076554 -1802.39476896285888 1056.21422346139984
-30.83770399677355 -1803.96729534295840 1056.08658066559968
69.16859179782244 -1805.40464601265856 1055.95726687159984
169.16629316791446 -1806.21297176675840 1055.83415600420000
269.17328947198444 -1807.11036581735872 1055.70740105169984
-366.23537543887840 -2622.87014883526048 1052.69788925404784
-373.56200054932840 -2522.70951178296032 1053.05788797594784
-368.25045378889840 -2422.83259121656000 1053.26023805304768
-367.28771148993840 -2322.83728097406048 1053.55862564754784
-365.87401779783840 -2222.82649133066016 1053.83890861614784
-366.39472636986840 -2122.82079645086016 1054.13044534054784
-366.52072630220840 -2022.83177627596032 1054.42328207704784
-367.58289556845840 -1922.82704410256032 1054.69777980494768
353.67477294839888 -2621.59551301488960 1059.74851096432160
356.68734514131888 -2521.59342584318976 1060.02830355432176
355.57091495236888 -2421.59639274668960 1060.30262879782160
355.56632798403888 -2321.59787534778976 1060.59323691802176
355.63032421938892 -2221.59476667208960 1060.87679419302192
355.92893554828892 -2121.59728653648960 1061.16012356262176
356.83857254589888 -2021.60082433108992 1061.43934069212176
358.05719239619892 -1921.59407020008992 1061.72685915482176
954.27 -213.87 -1032.01
754.22 -214.21 -1031.74
554.23 -214.52 -1034.57
354.22 -214.85 -1033.18
154.22 -215.2 -1031.89
-245.76 -215.85 -1028.75
-445.77 -216.17 -1025.77
-645.77 -216.52 -1010.79
-845.79 -216.81 -1036.02
954.62 -413.87 -1030.36
754.56 -414.2 -1029.49
554.57 -414.53 -1034.56
354.56 -414.85 -1033.21
154.56 -415.19 -1029.9
-45.45 -415.52 -1030.67
-245.46 -415.84 -1030.25
-445.44 -416.16 -1032.18
-644.88 -412.49 -1023.41
-845.46 -416.82 -1037.36
954.94 -613.88 -1028.53
754.9 -614.21 -1027.55
554.91 -614.53 -1032.62
354.89 -614.85 -1031.47
154.87 -615.2 -1028.57
-45.12 -615.51 -1030.58
-245.11 -615.85 -1030.34
-445.11 -616.17 -1032.74
-645.11 -616.49 -1020.99
-845.13 -616.81 -1037.2
955.27 -813.88 -1027.37
755.23 -814.2 -1028.07
555.23 -814.52 -1031.25
355.22 -814.85 -1031.17
155.21 -815.18 -1027.21
-44.78 -815.52 -1028.59
-244.78 -815.85 -1026.92
-444.77 -816.17 -1030.44
-644.8 -812.38 -1037.14
-844.8 -816.8 -1036.77
955.61 -1013.89 -1026.81
755.55 -1014.21 -1027.26
555.57 -1014.53 -1030.38
355.55 -1014.86 -1031.41
155.55 -1015.2 -1027.19
-44.45 -1015.52 -1026.98
-244.44 -1015.86 -1024.26
-444.44 -1016.17 -1028.18
-644.45 -1016.49 -1032.63
-844.45 -1016.82 -1038.24
955.92 -1213.9 -1025.22
755.89 -1214.21 -1026.06
555.9 -1214.53 -1030.29
355.88 -1214.86 -1030.08
155.89 -1215.2 -1026.39
-44.11 -1215.53 -1025.53
-444.12 -1216.18 -1026.38
-644.11 -1216.5 -1032.66
-844.14 -1216.81 -1038.11
956.24 -1413.88 -1022.39
756.22 -1414.21 -1025.15
556.21 -1414.53 -1029.11
356.21 -1414.86 -1027.98
156.22 -1415.19 -1025.97
-43.79 -1415.53 -1023.45
-243.79 -1415.85 -1024.1
-443.77 -1416.18 -1025.76
-643.79 -1416.5 -1030.35
-843.38 -1412.76 -1039.04
956.58 -1613.89 -1022.64
756.55 -1614.2 -1023.38
556.56 -1614.54 -1026.99
356.54 -1614.86 -1026.41
156.54 -1615.19 -1024.04
-43.44 -1615.53 -1022.67
-243.46 -1615.85 -1025.43
-443.45 -1616.18 -1025.5
-643.46 -1616.51 -1028.53
-843.47 -1616.82 -1035.05
956.91 -1813.89 -1021.51
756.87 -1814.21 -1022.23
556.88 -1814.55 -1025.61
356.88 -1814.89 -1025.57
156.86 -1815.21 -1022.81
-43.11 -1815.53 -1022.64
-243.12 -1815.85 -1024.31
-443.11 -1816.18 -1024.33
-643.13 -1816.5 -1026.49
-843.15 -1816.82 -1032.75
957.24 -2013.91 -1019.95
757.2 -2014.2 -1024.16
557.22 -2014.54 -1024.8
357.21 -2014.87 -1025.99
157.21 -2015.2 -1022.18
-42.79 -2015.54 -1022.14
-242.79 -2015.86 -1023.16
-442.8 -2016.2 -1024.22
-642.78 -2016.51 -1024.86
-842.82 -2016.82 -1030.99
957.57 -2213.9 -1018.18
557.55 -2214.54 -1025.32
357.53 -2214.87 -1025.39
157.54 -2215.21 -1020.04
-42.48 -2215.51 -1021.73
-242.46 -2215.86 -1022.71
-442.46 -2216.18 -1023.94
-642.46 -2216.51 -1024.1
-842.49 -2216.83 -1028.7
957.9 -2413.9 -1017.12
757.92 -2414.14 -1017.82
557.87 -2414.55 -1022.88
357.86 -2414.87 -1022.59
157.86 -2415.22 -1017.02
-42.14 -2415.52 -1021.15
-242.14 -2415.86 -1021.21
-442.11 -2416.18 -1023.61
-642.13 -2416.52 -1021.18
-842.13 -2416.83 -1026.85
958.22 -2613.91 -1014.85
758.21 -2614.23 -1015.96
558.21 -2614.55 -1017.49
358.2 -2614.86 -1017.57
158.22 -2615.21 -1017.59
-41.79 -2615.53 -1020.78
-241.81 -2615.85 -1022.1
-441.79 -2616.18 -1023.61
-641.81 -2616.5 -1022.88
-841.8 -2616.84 -1025.51
-1032.25706284439552 -2787.52781437395872 -845.49889356230032
-1031.76472570819552 -2773.57588823615872 -445.44770583805024
-1031.51890145029552 -2774.35855347305856 -245.45434378865024
-832.23562506552560 -2786.47418564775904 -845.74160868406016
-831.76048941047552 -2771.86021402785888 -445.69174792018024
-831.51754758255568 -2772.68294854955872 -245.69507404747024
-831.26962968508560 -2772.45335798155872 -45.69395696429726
-830.78476051988560 -2764.05544533395872 354.33811125022976
-830.54176610036560 -2756.07981069415872 554.35675637458976
-632.24539668529552 -2785.87913747755872 -845.99040201341024
-631.76310763340552 -2772.25025219545888 -445.94078427586024
-631.51890001222560 -2773.11523767115872 -245.94343270579024
-631.27040884174560 -2771.36230220415872 -45.93595586972426
-631.02713497354560 -2770.82266327795872 154.06525261631972
-630.78231156498552 -2765.13753976015872 354.08739830066976
-630.55075041621560 -2756.22288763125888 554.10847388968976
-432.24002768197560 -2788.91579436985888 -846.25138519335024
-431.76513677983560 -2774.26633914655904 -446.19071772927024
-431.51342036166560 -2775.89751696985888 -246.19654644016028
-431.26684781064560 -2772.75378226955904 -46.19131215441726
-431.02325591796560 -2771.48134762845888 153.81868432780974
-430.78341452084552 -2764.62333891635904 353.83700366548976
-430.53792563620552 -2758.93130897595904 553.85349711742968
-232.23763869289552 -2790.24821672545888 -846.49851474693024
-231.75966781354556 -2776.75387042505888 -446.45353973017024
-231.50757355623556 -2777.11982474355872 -246.45091475114028
-231.26844194768556 -2772.12516279945888 -46.43325092377426
-231.02165110547556 -2771.82514059175904 153.56593938616974
-230.77888993763556 -2766.00231811935872 353.58519937478972
-230.54128150234552 -2760.50058085075904 553.59905560673976
-32.23988487256554 -2791.05597794425888 -846.74807175906032
-31.75746724058455 -2779.72243221675904 -446.70378750542032
-31.51046437062255 -2779.46064021505888 -246.70775100454024
-31.02013822263954 -2772.89103477915872 153.31862119194974
-30.77758929153055 -2766.65149808695872 353.33567738722972
-30.53821642531355 -2762.05632437755872 553.34860396014968
167.76133844800446 -2791.58763782845888 -846.99670091165024
168.24997111059446 -2781.74435192435872 -446.96113008783024
168.49045047546446 -2781.63233775565856 -246.95735522082028
168.73331695903446 -2776.05967768775872 -46.93575052606224
168.97996941236446 -2773.10624174695872 153.07004463368974
169.21929573237446 -2767.35912564015872 353.08742880650976
169.46761026064448 -2762.84985129355904 553.10117278159976
367.75130375907448 -2791.75800332485856 -847.25547619723024
368.24930443804440 -2782.94029402495872 -447.20742126536024
368.49127655789440 -2781.28805606875904 -247.20452600212024
368.73546338195448 -2778.05555193285856 -47.19239301449326
368.98054758101440 -2774.54738570035904 152.81543929180976
369.22366337671448 -2768.97329105195872 352.83582351649972
369.46452528115440 -2763.23756566185888 552.84962896114976
567.75901688346448 -2791.39125692955904 -847.49529361210016
568.24916410892448 -2784.31362968975872 -447.45731709726024
568.49241110339448 -2782.41410496415904 -247.45605336120024
568.73823389913448 -2779.15889538885888 -47.44417438113526
568.98747980034440 -2774.45187076145888 152.56966969767972
569.22344720682440 -2768.31327365225888 352.58808867423972
569.46560147089440 -2764.50383848805920 552.59177440403968
767.75941925885440 -2790.22908749245888 -847.73831596452016
768.25108110018448 -2785.17641555315872 -447.71197171175024
768.49476585867440 -2783.44862069935872 -247.70791657952024
768.73945190437440 -2781.27855740275904 -47.69989594958626
768.98088243675440 -2776.56797421845888 152.31535781254974
769.22481300430448 -2774.01615237935904 352.32030974880972
769.47001880190448 -2772.69901936915904 552.32679495719968
967.76000649302448 -2791.20665176435872 -847.98877208077024
968.25057123905440 -2783.70792415765888 -447.95139093518024
968.49248461786448 -2783.20842335715904 -247.94943698179024
968.74251883468448 -2782.50651637955904 -47.95055901059926
-830.39624124566560 -2652.63348079255872 754.64420078145968
-630.40196195233560 -2652.62809216295872 754.39298536076976
-630.14684965824552 -2649.56552187445856 954.40714731940976
-430.38983922395560 -2654.11733923445888 754.14244835046976
-430.14920366920560 -2647.47740460545888 954.16559003406976
-230.38329953418552 -2656.55960455575904 753.89999086704976
-30.38036468040255 -2659.15483191425888 753.64469877780976
169.61681793831446 -2660.88640815935872 753.38944678261968
369.62156709003440 -2663.65454354795872 753.13109938673968
569.62337890432448 -2665.67708967185888 752.87209895583984
769.62871202286448 -2675.12050565415904 752.59721202562976
769.86979076041440 -2665.45547598785888 952.63075390596976
